 #,velocity,length
           1           1           0
           2           1           0
           3           1           0
           4           1           0
           5           1           0
           6           1           0
           7           1          -1
           8           1          -1
           9           1          -1
          10           1          -1
          11           1          -1
          12           1          -1
          13           2           0
          14           2           0
          15           2           0
          16           2           0
          17           2           0
          18           2           0
          19           2           0
          20           2           0
          21           2           0
          22           2           0
          23           2           0
          24           2           0
          25           2          -2
          26           2          -2
          27           2          -2
          28           2          -2
          29           2          -2
          30           2          -2
          31           2           0
          32           2           0
          33           3           0
          34           3           0
          35           3           0
          36           3          -1
          37           3          -1
          38           3          -1
          39           3          -1
          40           3          -1
          41           3          -1
          42           3          -1
          43           1           0
          44           1           0
          45           2          -2
          46           1          -1
          47           1          -1
          48           1          -1
          49           1          -1
          50           1          -1
          51           1          -1
          52           0           0
          53           3          -1
          54           2           0
          55           2           0
          56           2           0
          57           2           0
          58           2           0
          59           2           0
          60           1           1
          61           3          -1
          62           3          -1
          63           3           0
          64           3           0
          65           3           0
          66           3           0
          67           3           0
          68           3           0
          69           3           0
          70           3           0
          71           3           0
          72           3           0
          73           3          -1
          74           3          -1
          75           4           0
          76           4           0
          77           4           0
          78           6           0
          79           8           0
          80           3           0
          81           3           0
          82           3           0
          83           1           1
          84           1           1
          85           1           0
          86           1           0
          87           1           0
          88           1           0
          89           1           0
          90           1           0
          91           2           0
          92           2           0
          93           2           0
          94           2           1
          95           2           1
          96           2           1

          -1           2           0
          -2           2          -2
          -3           2          -2
          -4           2          -2
          -5           2          -2
          -6           2          -2
          -7           2          -2
          -8           0           1
          -9           0           0
         -10           3          -1
         -11           3          -1
         -12           3          -1
         -13           3          -1
         -14           1          -1
         -15           1          -1
         -16           1          -1
         -17           1          -1
         -18           1          -1
         -19           1          -1
         -20           3          -1
         -21           3          -1
         -22           3          -1
         -23           3          -1
         -24           3          -1
         -25           3          -1
         -26           3          -1
         -27           0           0
         -28           0           1
         -29           2          -1
         -30           3          -2
         -31           2          -1
         -32           3          -2
         -33           3          -1
         -34           3          -1
         -35           3          -1
         -36           3          -1
         -37           3          -1
         -38           3          -1
         -39           3          -1
         -40           3          -1
         -41           3          -1
         -42           3          -1
         -43           2          -1
         -44           4          -2
         -45           2          -3
         -46           2          -2
         -47           2          -2
         -48           2          -2
         -49           2          -2
         -50           2          -2
         -51           2          -2
         -52           2          -2
         -53           2          -1
         -54           2          -1
         -55           2          -1
         -56           2          -1
         -57           2          -1
         -58           2          -1
         -59           2          -2
         -60           2          -2
         -61           1          -2
         -62           1          -2
         -63           1          -2
         -64           1          -2
         -65           1          -2
         -66           1          -2
         -67           0           1
         -68           0           1
         -69           0           0
         -70           0           0
         -71           1           0
         -72           0           1
         -73           0           0
         -74           0           0
         -75           1           0
         -76           1           0
         -77           0           0
         -78           0           0
         -79           1           0
         -80           0           0
         -81           0           1
         -82           3          -1
         -83           3          -1
         -84           3          -1
         -85           0           0
         -86           3          -1
         -87           3          -1
         -88           3          -1
         -89           3          -1
         -90           0           0
         -91           1           0
         -92           1           0
         -93           1           0
         -94           2           0
         -95           2           0
         -96           2           0
         -97           2           0
         -98           2           0
         -99           2          -2
        -100           2          -1
        -101           2          -1
        -102           2          -2
        -103           2          -2
        -104           2          -2
        -105           2          -2
        -106           2          -1
        -107           2          -1
        -108           2          -1
        -109           2          -1
        -110           3          -1
        -111           3          -1
        -112           3          -1
        -113           3          -1
        -114           3          -1
        -115           2          -1
        -116           2          -1
        -117           0           0
        -118           0           0
        -119           0           0
        -120           0           0
        -121           0           0
        -122           0           0
        -123           0           0
        -124           0           0
        -125           3          -1
        -126           3          -1
        -127           3          -1
        -128           3          -1
        -129           3          -1
        -130           3          -1
        -131           3          -1
        -132           3          -1
        -133           3          -1
        -134           3          -1
        -135           3          -1
        -136           3          -1
        -137           3          -1
        -138           3          -1
        -139           3          -1
        -140           3          -1
        -141           3          -1
        -142           3          -1
        -143           3          -1
        -144           3          -1
        -145           3          -1
        -146           3          -1
        -147           3          -1
        -148           3          -1
        -149           3          -1
        -150           3          -1
        -151           3          -1
        -152           3          -1
        -153           3          -1
        -154           3          -1
        -155           3          -1
        -156           3          -1
        -157           3          -1
        -158           3          -1
        -159           3          -1
        -160           3          -1
        -161           3          -1
        -162           3          -1
        -163           3          -1
        -164           3          -1
        -165           3          -1
        -166           3          -1
        -167           3          -1
        -168           3          -1
        -169           3          -1
        -170           3          -1
        -171           3          -1
        -172           3          -1
        -173           3          -1
        -174           3          -1
        -175           3          -1
        -176           3          -1
        -177           3          -1
        -178           3          -1
        -179           3          -1
        -180           3          -1
        -181           3          -1
        -182           3          -1
        -183           3          -1
        -184           3          -1
        -185           3          -1
        -186           3          -1
        -187           3          -1
        -188           3          -1
        -189           3          -1
        -190           3          -1
        -191           3          -1
        -192           3          -1
        -193           3          -1
        -194           3          -1
        -195           3          -1
        -196           3          -1
        -197           3          -1
        -198           3          -1
        -199           3          -1
        -200           3          -1
        -201           3          -1
        -202           3          -1
        -203           3          -1
        -204           3          -1
        -205           3          -1
        -206           3          -1
        -207           3          -1
        -208           3          -1
        -209           3          -1
        -210           3          -1
        -211           3          -1
        -212           3          -1
        -213           3          -1
        -214           3          -1
        -215           3          -1
        -216           3          -1
        -217           3          -1
        -218           3          -1
        -219           3          -1
        -220           3          -1
        -221           3          -1
        -222           3          -1
        -223           3          -1
        -224           3          -1
        -225           3          -1
        -226           3          -1
        -227           3          -1
        -228           3          -1
        -229           3          -1
        -230           3          -1
        -231           3          -1
        -232           3          -1
        -233           3          -1
        -234           3          -1
        -235           3          -1
        -236           3          -1
        -237           3          -1
        -238           3          -1
        -239           3          -1
        -240           3          -1
        -241           3          -1
        -242           3          -1
        -243           3          -1
        -244           3          -1
        -245           3          -1
        -246           3          -1
        -247           3          -1
        -248           3          -1
        -249           3          -1
        -250           3          -1
        -251           3          -1
        -252           3          -1
        -253           3          -1
        -254           3          -1
        -255           3          -1
        -256           3          -1
        -257           3          -1
        -258           3          -1
        -259           3          -1
        -260           3          -1
        -261           3          -1
        -262           3          -1
        -263           3          -1
        -264           3          -1
        -265           3          -1
        -266           3          -1
        -267           3          -1
        -268           2           0
        -269           3          -1
        -270           3          -1
        -271           3          -1
        -272           3          -1
        -273           3          -1
        -274           3          -1
 #,velocity,length,scalar
           1           0           0           1
           2           0           0           1
           3           1           0           1
           4           1           0           1
           5           1           0           1
           6           1           0           2
           7           1           0           2
           8           1           0           2
           9           0          -2           2
          10           0          -2           2
          11           0          -2           2
          12           2           0           1
          13           2          -1           1
          14           2          -1           1
          15           2          -1           1
          16           2           0           1
          17           2           0           1
          18           2           0           1
          19           2           0           1
          20           2           0           1
          21           2           0           1
          22           1          -1           1
          23           1          -1           1
          24           1          -1           1
          25           1          -1           1
          26           1          -1           1
          27           1          -1           1
          28           1          -1           1
          29           1          -1           1
          30           1          -1           1
          31           1          -2           1
          32           1          -2           1
          33           1          -2           1
          34           0           0           3
          35           0           0           4
          36           1          -1           2
          37           1          -1           2
          38           1          -1           2
          39           1           0           2
          40           1           0           2
          41           1           0           2
          42           1           0           1
          43           1           0           1
          44           1           0           1

          -1           0          -1           1
          -2           0          -1           1
          -3           1          -1           1
          -4           1          -1           1
          -5           1          -1           1
          -6           1          -1           1
          -7           1          -1           1
          -8           1          -1           1
          -9           1          -1           1
         -10           1          -1           1
         -11           1          -1           1
         -12           1          -1           1
         -13           1          -1           1
         -14           1          -1           1
         -15           1          -1           1
         -16           1          -1           1
         -17           1          -1           1
         -18           0           0           0
         -19           0           0           0
         -20           0           0           0
         -21           0           0           2
         -22           0          -1           2
         -23           0          -1           2
         -24           0          -2           2
         -25           0          -2           2
         -26           1          -1           2
         -27           1          -1           2
         -28           1          -1           2
         -29           1          -1           2
         -30           1          -1           2
         -31           1          -1           2
         -32           1          -1           2
         -33           1          -1           2
         -34           1          -1           2
         -35           1          -1           2
         -36           1          -1           2
         -37           1          -1           2
         -38           2          -1           1
         -39           2          -1           1
         -40           2          -1           1
         -41           2          -1           1
         -42           2          -1           1
         -43           2          -1           1
         -44           2          -1           1
         -45           2          -1           1
         -46           2          -1           1
         -47           2          -1           1
         -48           2          -1           1
         -49           2          -1           1
         -50           2          -1           1
         -51           2          -1           1
         -52           2          -1           1
         -53           2          -1           1
         -54           2          -1           1
         -55           2          -1           1
         -56           2          -1           1
         -57           2          -1           1
         -58           2          -1           1
         -59           2          -1           1
         -60           2          -1           1
         -61           2          -1           1
         -62           2          -1           1
         -63           2          -1           1
         -64           2          -1           1
         -65           2          -1           1
         -66           2          -1           1
         -67           2          -1           1
         -68           2          -1           1
         -69           2          -1           1
         -70           2          -1           1
         -71           2          -1           1
         -72           2          -1           1
         -73           2          -1           1
         -74           2          -1           1
         -75           2          -1           1
         -76           2          -1           1
         -77           2          -1           1
         -78           2          -1           1
         -79           2          -1           1
         -80           2          -1           1
         -81           2          -1           1
         -82           2          -1           1
         -83           2          -1           1
         -84           2          -1           1
         -85           2          -1           1
         -86           2          -1           1
         -87           2          -1           1
         -88           2          -1           1
         -89           2          -1           1
         -90           2          -1           1
         -91           2          -1           1
         -92           2          -1           1
         -93           2          -1           1
         -94           2          -1           1
         -95           1          -1           2
         -96           1          -1           2
         -97           1          -1           2
         -98           1          -1           2
         -99           1          -1           2
        -100           1          -1           2
